Distance_(cm)	Gray_Value
0.00000	11.9249
0.00223	12.6351
0.00446	13.8093
0.00669	14.7838
0.00892	15.9024
0.01115	16.5045
0.01338	16.9880
0.01561	17.1622
0.01784	17.4144
0.02007	17.4685
0.02230	17.7207
0.02453	17.6697
0.02676	17.8468
0.02899	18.0075
0.03122	18.2793
0.03345	18.6532
0.03568	19.3619
0.03791	20.1787
0.04014	21.2838
0.04238	22.3153
0.04461	23.9610
0.04684	25.4505
0.04907	27.5661
0.05130	29.9384
0.05353	33.0435
0.05576	35.7492
0.05799	37.8859
0.06022	39.2568
0.06245	40.0856
0.06468	40.3498
0.06691	40.4459
0.06914	40.1171
0.07137	39.9474
0.07360	40.0015
0.07583	40.4820
0.07806	40.9309
0.08029	41.8844
0.08252	42.4204
0.08475	43.3048
0.08698	43.8063
0.08921	44.4715
0.09144	44.5976
0.09367	44.7808
0.09590	44.7643
0.09813	45.2357
0.10036	45.8093
0.10259	46.9745
0.10482	47.6126
0.10705	48.4970
0.10928	49.4489
0.11151	50.9730
0.11374	52.6186
0.11597	54.9309
0.11820	57.2177
0.12043	58.9099
0.12267	60.2492
0.12490	61.6441
0.12713	62.2808
0.12936	63.0946
0.13159	63.6051
0.13382	63.8709
0.13605	63.6622
0.13828	63.1516
0.14051	62.3063
0.14274	62.0435
0.14497	62.2027
0.14720	62.8604
0.14943	63.5390
0.15166	63.8529
0.15389	64.2387
0.15612	64.5285
0.15835	64.8153
0.16058	65.5616
0.16281	66.5495
0.16504	67.6006
0.16727	68.2372
0.16950	68.7282
0.17173	68.9730
0.17396	69.2147
0.17619	69.1967
0.17842	69.2763
0.18065	69.1637
0.18288	68.7808
0.18511	68.1997
0.18734	67.7898
0.18957	67.5090
0.19180	67.5946
0.19403	67.9790
0.19626	68.4850
0.19849	69.1396
0.20072	70.0751
0.20295	70.9069
0.20519	71.7988
0.20742	72.5510
0.20965	73.6081
0.21188	74.2643
0.21411	74.6547
0.21634	74.7417
0.21857	74.8363
0.22080	74.6547
0.22303	74.6607
0.22526	74.5976
0.22749	74.3904
0.22972	73.6937
0.23195	72.4459
0.23418	71.4279
0.23641	70.6111
0.23864	70.3499
0.24087	70.4459
0.24310	70.6336
0.24533	70.6171
0.24756	70.0150
0.24979	69.4520
0.25202	69.2628
0.25425	69.5480
0.25648	70.1081
0.25871	70.5210
0.26094	70.6441
0.26317	70.1036
0.26540	69.3318
0.26763	68.2658
0.26986	67.5060
0.27209	66.5991
0.27432	65.9459
0.27655	65.5345
0.27878	65.1126
0.28101	64.6456
0.28324	64.2372
0.28548	63.7117
0.28771	62.9910
0.28994	62.3483
0.29217	61.8138
0.29440	61.0991
0.29663	60.5405
0.29886	59.8303
0.30109	58.9925
0.30332	58.0616
0.30555	56.9730
0.30778	55.8649
0.31001	54.8018
0.31224	54.0736
0.31447	53.5435
0.31670	53.2898
0.31893	53.3589
0.32116	53.1532
0.32339	52.5796
0.32562	51.5225
0.32785	50.4429
0.33008	49.2432
0.33231	48.5766
0.33454	48.0135
0.33677	47.7402
0.33900	47.5676
0.34123	47.7222
0.34346	47.8934
0.34569	48.0526
0.34792	48.2057
0.35015	48.3979
0.35238	48.5495
0.35461	48.7387
0.35684	48.9610
0.35907	49.0165
0.36130	48.9369
0.36353	48.8078
0.36576	48.4505
0.36800	48.0450
0.37023	47.4249
0.37246	46.8664
0.37469	46.2162
0.37692	45.8063
0.37915	45.4745
0.38138	45.3048
0.38361	45.0180
0.38584	44.6682
0.38807	44.1547
0.39030	43.7222
0.39253	43.3468
0.39476	43.1096
0.39699	42.9459
0.39922	43.0285
0.40145	43.4039
0.40368	43.9129
0.40591	44.5931
0.40814	44.9625
0.41037	45.3814
0.41260	45.5736
0.41483	45.5631
0.41706	45.4084
0.41929	45.4610
0.42152	45.4610
0.42375	45.4610
0.42598	45.5946
0.42821	45.7868
0.43044	45.9940
0.43267	46.2883
0.43490	46.5991
0.43713	46.9129
0.43936	47.0330
0.44159	47.3889
0.44382	47.3183
0.44605	47.3318
0.44829	47.2267
0.45052	47.0826
0.45275	46.9294
0.45498	46.8514
0.45721	46.7417
0.45944	46.8198
0.46167	46.7357
0.46390	46.7267
0.46613	46.6952
0.46836	46.8153
0.47059	46.9459
0.47282	47.4580
0.47505	48.2207
0.47728	49.1336
0.47951	49.7523
0.48174	50.4024
0.48397	50.7643
0.48620	51.2132
0.48843	51.4069
0.49066	51.3604
0.49289	51.3288
0.49512	51.3108
0.49735	51.1862
0.49958	51.1802
0.50181	51.2447
0.50404	51.6426
0.50627	51.9024
0.50850	52.3964
0.51073	52.8243
0.51296	53.4114
0.51519	53.4505
0.51742	53.4159
0.51965	52.6667
0.52188	51.9535
0.52411	51.1667
0.52634	50.8348
0.52857	50.7913
0.53081	51.5796
0.53304	52.6366
0.53527	54.8048
0.53750	57.0330
0.53973	59.6802
0.54196	61.6592
0.54419	63.4550
0.54642	64.4429
0.54865	64.7177
0.55088	64.3258
0.55311	63.4505
0.55534	62.3063
0.55757	61.7237
0.55980	61.3408
0.56203	61.4820
0.56426	61.6622
0.56649	62.4414
0.56872	63.2177
0.57095	64.2748
0.57318	64.7057
0.57541	64.7733
0.57764	64.5465
0.57987	64.2237
0.58210	63.9099
0.58433	63.5165
0.58656	63.1186
0.58879	62.8018
0.59102	62.4925
0.59325	62.4084
0.59548	62.4279
0.59771	62.8063
0.59994	63.5571
0.60217	64.3964
0.60440	65.3709
0.60663	66.8559
0.60886	68.0946
0.61110	69.2778
0.61333	70.0856
0.61556	70.6171
0.61779	70.5856
0.62002	70.2643
0.62225	69.3048
0.62448	68.2417
0.62671	67.4730
0.62894	66.9444
0.63117	66.5360
0.63340	66.0721
0.63563	65.8453
0.63786	65.7778
0.64009	65.8168
0.64232	66.0691
0.64455	66.2898
0.64678	66.7793
0.64901	67.3468
0.65124	67.9069
0.65347	68.1276
0.65570	68.7883
0.65793	69.2432
0.66016	70.1201
0.66239	70.6892
0.66462	71.4279
0.66685	71.9565
0.66908	72.4760
0.67131	72.4535
0.67354	72.6006
0.67577	72.6126
0.67800	72.7538
0.68023	72.6772
0.68246	72.8513
0.68469	73.0255
0.68692	73.3228
0.68915	73.3604
0.69138	73.6186
0.69362	73.3814
0.69585	73.3063
0.69808	72.8979
0.70031	72.2838
0.70254	71.8438
0.70477	71.7282
0.70700	71.5886
0.70923	72.0556
0.71146	72.8423
0.71369	74.0826
0.71592	75.0796
0.71815	76.3799
0.72038	77.5285
0.72261	78.8559
0.72484	80.0465
0.72707	81.8438
0.72930	82.5465
0.73153	83.2778
0.73376	83.4850
0.73599	83.2538
0.73822	82.5225
0.74045	81.5510
0.74268	80.3934
0.74491	79.9670
0.74714	79.5345
0.74937	79.3919
0.75160	79.1411
0.75383	78.4069
0.75606	77.3619
0.75829	75.9865
0.76052	74.8378
0.76275	73.3664
0.76498	72.3408
0.76721	71.4414
0.76944	71.5541
0.77167	72.2973
0.77390	73.1667
0.77614	73.9745
0.77837	74.3934
0.78060	74.8063
0.78283	74.8709
0.78506	74.8889
0.78729	74.5781
0.78952	74.0330
0.79175	73.4339
0.79398	72.7072
0.79621	72.1081
0.79844	71.7958
0.80067	71.9655
0.80290	72.5090
0.80513	73.3168
0.80736	74.1126
0.80959	75.1036
0.81182	75.8213
0.81405	75.9940
0.81628	75.1712
0.81851	73.6471
0.82074	72.2598
0.82297	70.8934
0.82520	69.5706
0.82743	68.5601
0.82966	67.5526
0.83189	67.0811
0.83412	66.5661
0.83635	66.1592
0.83858	65.4174
0.84081	64.5556
0.84304	63.6186
0.84527	62.5646
0.84750	61.1697
0.84973	59.9730
0.85196	58.8664
0.85419	58.1441
0.85643	57.4264
0.85866	56.8964
0.86089	56.0886
0.86312	55.1667
0.86535	53.9685
0.86758	53.2447
0.86981	52.7072
0.87204	52.5556
0.87427	52.4369
0.87650	52.1517
0.87873	51.7117
0.88096	51.0556
0.88319	50.4474
0.88542	49.9129
0.88765	49.4625
0.88988	49.2312
0.89211	49.0976
0.89434	49.1502
0.89657	49.3679
0.89880	49.7883
0.90103	50.0646
0.90326	50.1697
0.90549	50.2192
0.90772	49.9039
0.90995	49.4505
0.91218	48.6742
0.91441	47.9384
0.91664	47.3153
0.91887	46.8003
0.92110	46.4880
0.92333	46.3063
0.92556	46.3168
0.92779	46.3453
0.93002	46.5405
0.93225	46.9219
0.93448	47.4865
0.93671	48.0375
0.93895	48.4429
0.94118	48.9009
0.94341	49.1396
0.94564	49.4324
0.94787	49.8453
0.95010	50.5375
0.95233	51.0916
0.95456	51.9009
0.95679	52.6862
0.95902	53.7102
0.96125	54.6021
0.96348	55.3243
0.96571	55.7883
0.96794	56.3604
0.97017	56.6216
0.97240	56.5916
0.97463	56.4775
0.97686	56.1411
0.97909	55.6321
0.98132	54.9309
0.98355	54.1832
0.98578	53.7598
0.98801	53.6817
0.99024	53.9039
0.99247	54.1021
0.99470	54.7643
0.99693	55.3664
0.99916	56.1066
1.00139	56.4384
1.00362	56.6982
1.00585	56.7583
1.00808	56.8138
1.01031	56.7237
1.01254	56.6847
1.01477	56.5586
1.01700	56.6111
1.01924	56.6381
1.02147	56.5586
1.02370	56.4309
1.02593	55.9760
1.02816	55.3664
1.03039	54.9459
1.03262	54.7162
1.03485	54.8318
1.03708	55.1667
1.03931	55.7207
1.04154	56.3694
1.04377	57.2823
1.04600	57.9850
1.04823	58.5661
1.05046	58.8949
1.05269	59.1171
1.05492	58.8964
1.05715	58.3318
1.05938	57.4850
1.06161	56.6411
1.06384	55.9670
1.06607	55.5586
1.06830	54.9520
1.07053	54.5150
1.07276	53.9850
1.07499	53.6997
1.07722	53.7192
1.07945	54.5435
1.08168	55.5676
1.08391	57.1922
1.08614	58.6216
1.08837	60.0901
1.09060	60.6697
1.09283	61.2102
1.09506	61.2763
1.09729	61.4204
1.09952	61.4505
1.10176	61.9580
1.10399	62.2838
1.10622	62.9039
1.10845	63.4429
1.11068	64.3739
1.11291	65.0676
1.11514	66.4204
1.11737	67.4520
1.11960	68.6441
1.12183	69.6937
1.12406	70.8874
1.12629	71.8604
1.12852	73.4069
1.13075	74.6141
1.13298	75.9159
1.13521	77.0976
1.13744	78.3153
1.13967	78.6066
1.14190	78.3033
1.14413	76.8003
1.14636	74.5300
1.14859	72.6592
1.15082	71.0255
1.15305	69.7027
1.15528	69.2372
1.15751	69.3829
1.15974	70.3739
1.16197	72.0195
1.16420	74.0961
1.16643	75.5150
1.16866	76.7538
1.17089	77.7057
1.17312	78.4459
1.17535	78.7177
1.17758	78.6757
1.17981	78.5706
1.18205	78.9550
1.18428	78.9775
1.18651	79.4144
1.18874	79.7447
1.19097	80.2613
1.19320	80.6967
1.19543	81.7042
1.19766	82.1441
1.19989	82.9550
1.20212	83.5210
1.20435	84.3138
1.20658	84.9610
1.20881	86.0946
1.21104	87.0571
1.21327	88.3949
1.21550	89.6246
1.21773	91.1066
1.21996	92.1411
1.22219	93.4264
1.22442	93.9805
1.22665	94.6111
1.22888	94.9189
1.23111	94.8799
1.23334	94.6577
1.23557	94.3123
1.23780	93.4985
1.24003	92.7568
1.24226	91.9895
1.24449	91.4490
1.24672	90.6832
1.24895	90.6096
1.25118	90.5721
1.25341	90.9565
1.25564	91.6547
1.25787	92.2462
1.26010	92.5856
1.26233	92.5826
1.26457	92.3949
1.26680	92.2763
1.26903	92.4414
1.27126	92.7628
1.27349	92.8844
1.27572	93.1336
1.27795	92.9850
1.28018	92.7943
1.28241	92.4910
1.28464	91.5225
1.28687	90.5751
1.28910	89.7748
1.29133	89.0916
1.29356	89.0015
1.29579	88.8724
1.29802	88.9745
1.30025	88.7523
1.30248	88.4580
1.30471	88.2462
1.30694	88.0135
1.30917	87.6216
1.31140	87.3363
1.31363	87.2507
1.31586	87.8889
1.31809	88.3183
1.32032	88.9429
1.32255	89.1426
1.32478	88.9925
1.32701	88.6682
1.32924	87.9550
1.33147	87.0556
1.33370	85.8559
1.33593	84.6697
1.33816	83.5465
1.34039	82.7748
1.34262	82.1802
1.34486	81.9760
1.34709	82.0360
1.34932	82.4174
1.35155	82.6261
1.35378	82.4625
1.35601	82.1487
1.35824	81.2162
1.36047	79.8408
1.36270	78.3048
1.36493	76.0856
1.36716	74.1532
1.36939	72.2192
1.37162	70.5496
1.37385	68.8649
1.37608	67.7462
1.37831	66.8949
1.38054	66.3604
1.38277	65.5661
1.38500	64.3844
1.38723	62.6607
1.38946	61.2102
1.39169	59.9399
1.39392	59.4775
1.39615	59.0796
1.39838	58.7462
1.40061	58.2012
1.40284	57.2117
1.40507	56.0270
1.40730	55.0465
1.40953	54.0075
1.41176	53.1096
1.41399	52.2477
1.41622	51.6171
1.41845	51.1502
1.42068	50.7598
1.42291	50.4910
1.42514	50.0871
1.42738	49.5646
1.42961	49.0150
1.43184	48.4489
1.43407	47.6952
1.43630	46.7898
1.43853	46.1577
1.44076	45.2117
1.44299	44.2252
1.44522	43.0856
1.44745	41.8634
1.44968	40.8829
1.45191	40.1502
1.45414	39.9670
1.45637	40.0901
1.45860	40.7643
1.46083	41.5240
1.46306	42.6712
1.46529	43.6186
1.46752	44.6847
1.46975	45.6517
1.47198	46.4670
1.47421	47.0165
1.47644	47.3318
1.47867	47.3243
1.48090	47.0976
1.48313	46.7763
1.48536	46.5015
1.48759	46.0946
1.48982	45.8468
1.49205	45.6051
1.49428	45.4204
1.49651	45.3453
1.49874	45.4685
1.50097	46.0811
1.50320	47.3919
1.50543	48.9054
1.50767	50.7462
1.50990	52.0090
1.51213	53.0210
1.51436	53.6832
1.51659	54.2913
1.51882	54.4850
1.52105	54.6667
1.52328	54.8649
1.52551	55.3619
1.52774	55.9535
1.52997	56.7447
1.53220	56.9820
1.53443	57.0526
1.53666	56.8874
1.53889	56.2508
1.54112	55.2838
1.54335	54.2718
1.54558	53.3514
1.54781	52.8033
1.55004	52.7598
1.55227	53.0916
1.55450	53.5676
1.55673	54.1817
1.55896	54.7162
1.56119	55.1862
1.56342	55.2477
1.56565	55.1622
1.56788	54.9114
1.57011	54.6997
1.57234	54.5390
1.57457	54.7868
1.57680	54.9084
1.57903	54.5315
1.58126	54.3048
1.58349	53.7297
1.58572	53.2342
1.58795	52.6156
1.59019	52.1231
1.59242	51.8138
1.59465	51.7673
1.59688	52.1937
1.59911	52.8048
1.60134	53.7057
1.60357	54.3994
1.60580	55.1997
1.60803	55.7372
1.61026	55.9790
1.61249	56.0541
1.61472	56.1396
1.61695	56.0210
1.61918	56.0045
1.62141	56.0931
1.62364	56.3003
1.62587	56.5691
1.62810	57.0480
1.63033	57.4910
1.63256	57.8288
1.63479	57.6982
1.63702	57.7087
1.63925	57.4354
1.64148	57.2598
1.64371	56.8724
1.64594	56.8303
1.64817	56.7342
1.65040	56.7583
1.65263	56.7222
1.65486	57.2988
1.65709	58.3904
1.65932	60.8198
1.66155	63.5255
1.66378	66.5586
1.66601	68.7778
1.66824	71.0120
1.67048	72.4189
1.67271	73.1952
1.67494	72.7793
1.67717	72.0510
1.67940	71.0886
1.68163	70.7853
1.68386	70.8198
1.68609	70.9835
1.68832	70.9775
1.69055	70.8108
1.69278	70.4580
1.69501	70.7312
1.69724	71.0781
1.69947	72.2087
1.70170	73.3859
1.70393	74.5646
1.70616	75.5631
1.70839	76.8108
1.71062	77.9009
1.71285	78.8769
1.71508	79.8258
1.71731	81.0916
1.71954	81.8303
1.72177	82.8378
1.72400	83.5015
1.72623	83.9354
1.72846	84.0060
1.73069	83.9339
1.73292	83.5060
1.73515	83.3108
1.73738	83.1907
1.73961	83.0751
1.74184	82.8498
1.74407	82.4024
1.74630	81.9324
1.74853	81.7192
1.75076	81.7943
1.75300	82.3949
1.75523	83.0105
1.75746	83.7553
1.75969	84.1817
1.76192	84.1907
1.76415	84.1111
1.76638	84.0480
1.76861	83.7057
1.77084	83.4490
1.77307	83.0781
1.77530	82.6021
1.77753	82.2237
1.77976	82.1802
1.78199	82.1922
1.78422	82.3784
1.78645	82.5871
1.78868	82.7553
1.79091	82.6802
1.79314	82.6186
1.79537	82.4204
1.79760	82.4219
1.79983	82.3859
1.80206	82.5450
1.80429	82.8889
1.80652	83.9670
1.80875	85.2973
1.81098	86.4805
1.81321	86.9490
1.81544	87.0030
1.81767	86.2748
1.81990	85.3724
1.82213	84.1411
1.82436	82.5916
1.82659	81.3453
1.82882	81.0510
1.83105	81.5556
1.83328	83.0240
1.83552	84.5901
1.83775	86.0991
1.83998	87.1051
1.84221	88.0285
1.84444	88.6411
1.84667	89.4159
1.84890	89.9595
1.85113	90.5270
1.85336	90.4820
1.85559	90.4655
1.85782	90.2823
1.86005	89.8754
1.86228	89.7102
1.86451	89.2928
1.86674	88.8709
1.86897	88.1802
1.87120	87.2778
1.87343	86.3093
1.87566	85.4625
1.87789	84.3829
1.88012	83.2823
1.88235	81.8183
1.88458	80.2417
1.88681	78.5916
1.88904	77.1877
1.89127	76.4369
1.89350	76.3889
1.89573	76.8378
1.89796	77.5045
1.90019	77.9444
1.90242	78.1742
1.90465	78.2568
1.90688	77.8198
1.90911	76.8649
1.91134	75.6757
1.91357	74.5180
1.91581	73.7147
1.91804	73.4099
1.92027	73.5841
1.92250	74.0811
1.92473	74.9910
1.92696	76.2853
1.92919	77.4339
1.93142	77.8138
1.93365	77.8919
1.93588	77.2643
1.93811	76.4084
1.94034	74.9084
1.94257	73.1577
1.94480	70.6622
1.94703	68.6306
1.94926	66.2012
1.95149	64.3048
1.95372	62.5901
1.95595	61.1006
1.95818	59.8108
1.96041	58.9505
1.96264	58.5480
1.96487	58.2147
1.96710	57.9009
1.96933	57.8664
1.97156	57.2162
1.97379	56.8754
1.97602	56.3153
1.97825	56.0586
1.98048	55.1486
1.98271	54.2808
1.98494	53.4670
1.98717	52.5225
1.98940	51.4520
1.99163	50.7417
1.99386	50.0360
1.99610	49.9279
1.99833	49.8348
2.00056	49.7748
2.00279	49.6186
2.00502	49.6126
2.00725	49.4189
2.00948	49.1096
2.01171	48.6892
2.01394	48.3003
2.01617	47.9670
2.01840	47.5330
2.02063	47.2297
2.02286	47.1922
2.02509	47.2132
2.02732	47.2913
2.02955	47.7898
2.03178	48.2673
2.03401	49.1051
2.03624	49.9429
2.03847	50.8018
2.04070	51.4354
2.04293	52.0495
2.04516	52.4024
2.04739	52.9535
2.04962	53.3243
2.05185	53.8063
2.05408	53.9489
2.05631	53.7943
2.05854	53.4850
2.06077	53.1562
2.06300	52.9309
2.06523	53.1952
2.06746	53.4399
2.06969	53.8393
2.07192	54.0330
2.07415	54.2387
2.07638	54.3994
2.07862	54.7252
2.08085	54.9444
2.08308	55.4384
2.08531	55.8303
2.08754	56.4775
2.08977	56.9685
2.09200	57.3333
2.09423	57.4084
2.09646	57.3168
2.09869	56.9745
2.10092	57.0646
2.10315	57.2297
2.10538	57.6502
2.10761	58.0270
2.10984	58.2012
2.11207	57.9700
2.11430	57.6141
2.11653	57.1652
2.11876	56.7703
2.12099	56.4399
2.12322	56.3649
2.12545	56.5480
2.12768	57.2583
2.12991	58.1201
2.13214	59.2132
2.13437	60.2312
2.13660	61.3604
2.13883	62.2132
2.14106	62.5541
2.14329	62.4474
2.14552	62.1847
2.14775	61.6877
2.14998	61.3694
2.15221	60.9715
2.15444	60.6892
2.15667	60.5661
2.15891	60.3318
2.16114	60.2012
2.16337	60.5526
2.16560	60.9099
2.16783	61.4955
2.17006	62.1186
2.17229	63.1306
2.17452	63.6997
2.17675	64.6532
2.17898	65.2477
2.18121	66.0255
2.18344	66.7072
2.18567	67.6577
2.18790	68.2838
2.19013	69.2568
2.19236	69.9985
2.19459	70.7628
2.19682	70.8979
2.19905	71.2793
2.20128	70.9685
2.20351	70.5465
2.20574	70.3018
2.20797	70.1291
2.21020	70.0721
2.21243	70.1381
2.21466	70.3318
2.21689	70.6051
2.21912	70.6066
2.22135	70.6832
2.22358	70.6757
2.22581	70.8003
2.22804	70.8303
2.23027	71.3003
2.23250	71.6441
2.23473	72.5330
2.23696	73.2553
2.23919	74.2568
2.24143	75.1892
2.24366	76.0045
2.24589	76.6051
2.24812	77.4069
2.25035	78.2973
2.25258	79.7493
2.25481	80.8934
2.25704	82.1817
2.25927	83.0120
2.26150	83.8453
2.26373	84.0691
2.26596	84.4009
2.26819	84.0105
2.27042	83.6141
2.27265	83.1201
2.27488	82.6787
2.27711	82.5435
2.27934	82.8829
2.28157	83.5811
2.28380	84.6637
2.28603	86.0255
2.28826	87.7808
2.29049	88.9970
2.29272	89.9099
2.29495	90.2312
2.29718	90.0826
2.29941	89.2763
2.30164	88.4459
2.30387	87.8243
2.30610	87.8513
2.30833	88.0976
2.31056	88.4895
2.31279	88.7553
2.31502	89.2057
2.31725	89.5465
2.31948	90.4775
2.32171	91.4504
2.32395	92.6186
2.32618	93.5556
2.32841	94.0781
2.33064	94.0631
2.33287	93.8694
2.33510	93.0781
2.33733	92.3994
2.33956	91.4610
2.34179	91.2087
2.34402	91.4294
2.34625	92.4760
2.34848	93.7838
2.35071	94.5961
2.35294	94.4384
2.35517	93.5871
2.35740	92.6306
2.35963	92.0526
2.36186	91.7282
2.36409	91.6261
2.36632	91.2613
2.36855	90.6967
2.37078	89.6862
2.37301	89.1471
2.37524	88.9640
2.37747	88.7973
2.37970	89.2222
2.38193	89.3183
2.38416	88.5285
2.38639	87.9655
2.38862	87.4084
2.39085	87.4474
2.39308	88.0886
2.39531	89.3604
2.39754	90.7207
2.39977	91.4880
2.40200	92.3048
2.40424	92.5465
2.40647	92.3438
2.40870	91.4685
2.41093	90.3619
2.41316	89.4655
2.41539	88.7447
2.41762	88.2072
2.41985	87.7477
2.42208	87.3604
2.42431	87.0766
2.42654	86.9249
2.42877	86.9459
2.43100	86.8408
2.43323	86.8228
2.43546	86.8063
2.43769	86.7538
2.43992	87.0210
2.44215	87.2477
2.44438	87.4580
2.44661	87.5450
2.44884	87.3604
2.45107	87.0946
2.45330	86.6877
2.45553	86.0736
2.45776	85.2718
2.45999	84.3739
2.46222	83.2928
2.46445	82.0090
2.46668	80.2763
2.46891	78.4955
2.47114	76.2417
2.47337	73.9009
2.47560	71.6607
2.47783	68.9264
2.48006	66.1577
2.48229	64.3559
2.48452	63.3318
2.48676	63.3844
2.48899	63.9700
2.49122	64.3498
2.49345	64.2763
2.49568	63.9760
2.49791	63.3153
2.50014	62.0676
2.50237	60.4384
2.50460	58.8814
2.50683	57.1772
2.50906	55.8529
2.51129	54.6877
2.51352	54.0826
2.51575	53.7553
2.51798	54.0526
2.52021	54.6336
2.52244	54.9775
2.52467	55.1456
2.52690	55.1156
2.52913	54.7613
2.53136	54.0916
2.53359	53.3799
2.53582	52.4835
2.53805	51.5480
2.54028	50.5255
2.54251	49.5495
2.54474	48.9114
2.54697	48.7387
2.54920	48.7928
2.55143	49.2523
2.55366	49.9835
2.55589	50.9775
2.55812	52.3183
2.56035	53.3574
2.56258	53.6922
2.56481	53.4399
2.56704	52.8213
2.56928	52.2538
2.57151	51.4474
2.57374	51.0916
2.57597	50.9985
2.57820	51.4294
2.58043	52.3874
2.58266	54.0811
2.58489	55.6321
2.58712	57.5856
2.58935	59.2688
2.59158	60.7297
2.59381	61.5015
2.59604	61.7508
2.59827	61.5405
2.60050	61.0721
2.60273	60.5811
2.60496	59.8514
2.60719	59.2297
2.60942	58.8799
2.61165	58.5631
2.61388	58.3589
2.61611	58.1937
2.61834	57.9940
2.62057	58.0646
2.62280	57.9790
2.62503	57.9339
2.62726	58.0075
2.62949	57.8168
2.63172	57.8258
2.63395	57.8138
2.63618	57.8378
2.63841	57.7898
2.64064	57.9144
2.64287	57.8724
2.64510	57.8138
2.64734	57.5285
2.64957	57.0255
2.65180	56.3769
2.65403	56.1456
2.65626	56.3033
2.65849	56.9339
2.66072	57.7763
2.66295	59.0946
2.66518	60.3453
2.66741	61.7222
2.66964	62.5571
2.67187	62.9805
2.67410	62.6321
2.67633	61.9474
2.67856	61.1441
2.68079	60.1261
2.68302	59.2748
2.68525	59.1126
2.68748	59.0736
2.68971	59.5916
2.69194	60.3123
2.69417	61.5931
2.69640	62.5616
2.69863	63.7853
2.70086	64.6997
2.70309	65.4069
2.70532	65.8228
2.70755	66.3063
2.70978	66.4504
2.71201	66.5901
2.71424	66.6712
2.71647	67.0120
2.71870	67.1276
2.72093	67.5871
2.72316	67.9940
2.72539	68.5165
2.72762	68.9069
2.72986	69.6231
2.73209	70.1216
2.73432	70.5420
2.73655	70.8258
2.73878	71.3619
2.74101	71.5015
2.74324	72.0841
2.74547	72.2913
2.74770	72.5450
2.74993	72.8634
2.75216	73.3063
2.75439	73.7973
2.75662	74.2988
2.75885	74.4985
2.76108	74.8498
2.76331	74.7282
2.76554	74.6937
2.76777	74.3859
2.77000	74.3243
2.77223	74.0090
2.77446	73.7823
2.77669	73.7898
2.77892	74.1892
2.78115	74.7027
2.78338	75.7102
2.78561	76.5210
2.78784	77.2462
2.79007	77.5195
2.79230	77.5315
2.79453	77.0721
2.79676	76.7177
2.79899	76.1246
2.80122	75.7477
2.80345	75.3348
2.80568	75.4399
2.80791	75.5991
2.81014	76.2207
2.81238	76.8559
2.81461	78.0886
2.81684	79.1547
2.81907	80.4895
2.82130	81.6396
2.82353	83.3964
2.82576	84.5916
2.82799	85.8078
2.83022	87.0120
2.83245	88.3363
2.83468	88.9955
2.83691	89.7297
2.83914	89.9940
2.84137	90.4189
2.84360	90.6201
2.84583	90.8423
2.84806	90.7598
2.85029	91.1577
2.85252	91.7568
2.85475	92.4204
2.85698	92.8739
2.85921	93.4910
2.86144	93.9444
2.86367	94.4294
2.86590	94.6997
2.86813	94.8273
2.87036	94.7147
2.87259	94.7297
2.87482	94.5901
2.87705	94.5541
2.87928	94.5240
2.88151	94.4715
2.88374	94.2523
2.88597	94.0465
2.88820	93.6471
2.89043	93.2432
2.89267	92.8048
2.89490	92.4520
2.89713	91.9324
2.89936	91.2868
2.90159	90.6487
2.90382	90.0420
2.90605	89.4535
2.90828	88.9565
2.91051	88.5646
2.91274	88.3273
2.91497	88.3333
2.91720	88.6637
2.91943	89.0796
2.92166	89.5405
2.92389	89.9204
2.92612	90.5195
2.92835	90.8018
2.93058	90.8874
2.93281	90.7252
2.93504	90.4504
2.93727	90.1667
2.93950	89.7703
2.94173	89.3964
2.94396	88.9294
2.94619	88.4204
2.94842	87.8544
2.95065	87.3799
2.95288	87.0195
2.95511	86.8063
2.95734	86.6006
2.95957	86.2417
2.96180	86.2162
2.96403	86.0225
2.96626	85.9219
2.96849	86.0240
2.97072	85.8303
2.97295	85.8303
2.97519	85.1787
2.97742	83.8438
2.97965	82.1967
2.98188	81.1592
2.98411	80.7928
2.98634	81.2417
2.98857	82.0330
2.99080	82.3829
2.99303	82.6081
2.99526	82.4700
2.99749	82.0646
2.99972	81.5676
3.00195	80.8589
3.00418	80.2087
3.00641	79.2958
3.00864	78.5946
3.01087	77.8243
3.01310	77.1802
3.01533	76.5300
3.01756	75.8769
3.01979	75.2507
3.02202	74.4159
3.02425	73.3363
3.02648	72.1937
3.02871	71.2267
3.03094	70.6637
3.03317	70.2823
3.03540	69.9925
3.03763	69.3649
3.03986	68.4880
3.04209	67.3018
3.04432	66.2568
3.04655	65.3393
3.04878	64.3228
3.05101	63.2913
3.05324	62.2222
3.05547	60.7523
3.05771	59.2838
3.05994	57.8889
3.06217	56.7583
3.06440	55.4775
3.06663	54.6036
3.06886	53.7613
3.07109	52.8228
3.07332	51.8288
3.07555	51.1502
3.07778	50.5090
3.08001	50.2477
3.08224	49.9249
3.08447	49.6111
3.08670	49.1426
3.08893	48.5150
3.09116	47.8889
3.09339	47.1952
3.09562	46.2658
3.09785	45.2027
3.10008	43.7357
3.10231	42.1652
3.10454	40.7342
3.10677	39.9039
3.10900	39.8664
3.11123	40.4520
3.11346	41.5105
3.11569	42.6231
3.11792	43.9114
3.12015	45.1051
3.12238	46.1291
3.12461	46.3589
3.12684	45.9910
3.12907	45.3574
3.13130	44.6982
3.13353	44.4399
3.13576	44.6201
3.13800	44.7988
3.14023	45.3709
3.14246	46.0541
3.14469	47.4760
3.14692	48.8784
3.14915	50.5300
3.15138	51.7838
3.15361	53.1336
3.15584	53.7793
3.15807	54.4895
3.16030	54.7117
3.16253	54.9880
3.16476	55.4505
3.16699	55.8754
3.16922	56.0751
3.17145	56.2658
3.17368	55.7988
3.17591	55.2553
3.17814	54.4775
3.18037	53.5871
3.18260	52.7282
3.18483	52.2462
3.18706	52.2538
3.18929	52.8784
3.19152	53.8273
3.19375	54.5706
3.19598	54.9279
3.19821	55.1937
3.20044	55.1787
3.20267	54.7688
3.20490	54.1682
3.20713	53.3574
3.20936	52.5345
3.21159	51.5465
3.21382	50.4580
3.21605	49.6021
3.21829	48.9505
3.22052	48.6607
3.22275	48.4489
3.22498	48.4294
3.22721	48.4069
3.22944	48.6637
3.23167	49.1697
3.23390	50.1411
3.23613	51.4369
3.23836	53.0766
3.24059	54.3934
3.24282	55.9985
3.24505	57.2523
3.24728	58.3829
3.24951	58.7628
3.25174	58.9324
3.25397	58.7643
3.25620	58.6066
3.25843	58.2883
3.26066	58.5210
3.26289	58.8529
3.26512	59.9940
3.26735	61.4489
3.26958	63.0931
3.27181	64.3513
3.27404	65.4054
3.27627	66.1456
3.27850	66.6982
3.28073	66.5991
3.28296	66.5496
3.28519	66.4504
3.28742	66.9670
3.28965	67.4685
3.29188	68.4294
3.29411	69.2838
3.29634	69.7207
3.29857	69.7282
3.30081	69.6997
3.30304	69.3513
3.30527	69.5195
3.30750	69.5165
3.30973	69.8619
3.31196	70.5676
3.31419	71.6562
3.31642	72.8213
3.31865	74.1246
3.32088	75.3168
3.32311	76.8994
3.32534	77.7432
3.32757	78.0901
3.32980	77.8393
3.33203	77.2583
3.33426	76.3649
3.33649	75.4775
3.33872	74.3529
3.34095	73.6216
3.34318	73.2177
3.34541	73.0255
3.34764	73.4925
3.34987	74.5465
3.35210	75.8333
3.35433	77.5450
3.35656	79.0120
3.35879	79.8183
3.36102	79.9760
3.36325	80.1832
3.36548	79.7838
3.36771	79.4880
3.36994	78.6892
3.37217	78.7012
3.37440	78.5691
3.37663	78.7868
3.37886	79.2387
3.38109	79.6967
3.38333	80.2447
3.38556	80.9805
3.38779	81.4550
3.39002	81.8919
3.39225	82.0420
3.39448	82.3393
3.39671	82.3273
3.39894	82.1907
3.40117	81.9625
3.40340	82.0480
3.40563	82.3829
3.40786	83.0616
3.41009	83.6487
3.41232	83.9204
3.41455	83.6937
3.41678	83.3078
3.41901	82.9640
3.42124	82.9940
3.42347	83.0496
3.42570	83.3949
3.42793	83.6501
3.43016	84.1171
3.43239	84.4474
3.43462	84.4054
3.43685	84.2913
3.43908	83.9985
3.44131	83.6577
3.44354	83.0315
3.44577	81.9760
3.44800	81.3739
3.45023	80.7237
3.45246	80.3934
3.45469	80.6036
3.45692	81.1306
3.45915	82.0075
3.46138	83.2327
3.46362	84.2237
3.46585	84.8123
3.46808	84.8709
3.47031	84.0661
3.47254	82.9444
3.47477	81.4009
3.47700	79.4760
3.47923	77.7102
3.48146	76.8153
3.48369	76.6742
3.48592	77.1291
3.48815	78.5345
3.49038	80.0616
3.49261	81.9069
3.49484	83.5225
3.49707	84.9354
3.49930	85.5646
3.50153	85.6877
3.50376	85.4339
3.50599	84.6426
3.50822	83.5796
3.51045	82.6051
3.51268	81.9504
3.51491	81.7087
3.51714	82.0195
3.51937	82.6111
3.52160	82.9399
3.52383	82.7808
3.52606	82.4535
3.52829	82.0165
3.53052	81.5120
3.53275	80.9504
3.53498	80.3889
3.53721	80.2462
3.53944	80.4084
3.54167	80.7147
3.54391	81.0706
3.54614	81.2312
3.54837	80.8273
3.55060	80.4685
3.55283	80.2688
3.55506	79.9925
3.55729	79.7703
3.55952	79.4474
3.56175	78.9174
3.56398	78.0510
3.56621	77.0090
3.56844	75.8799
3.57067	74.5751
3.57290	73.0886
3.57513	71.9129
3.57736	70.8949
3.57959	70.5120
3.58182	69.8679
3.58405	69.1892
3.58628	68.2042
3.58851	67.1396
3.59074	66.6216
3.59297	66.2598
3.59520	65.8423
3.59743	65.3739
3.59966	64.5195
3.60189	63.5706
3.60412	62.2628
3.60635	61.1471
3.60858	60.2628
3.61081	59.4339
3.61304	58.7312
3.61527	58.3228
3.61750	57.7838
3.61973	57.4580
3.62196	56.9535
3.62419	56.6456
3.62643	56.3138
3.62866	56.0090
3.63089	55.3874
3.63312	54.6156
3.63535	53.5045
3.63758	52.2943
3.63981	50.8288
3.64204	49.0751
3.64427	47.3604
3.64650	45.8859
3.64873	44.3123
3.65096	43.1982
3.65319	42.4700
3.65542	42.4264
3.65765	42.9384
3.65988	43.8483
3.66211	44.7357
3.66434	45.5435
3.66657	46.3979
3.66880	46.9760
3.67103	47.2913
3.67326	47.5405
3.67549	47.5661
3.67772	47.2913
3.67995	46.7072
3.68218	46.0856
3.68441	45.4580
3.68664	45.0090
3.68887	44.7643
3.69110	44.5976
3.69333	44.5255
3.69556	44.6351
3.69779	45.0165
3.70002	45.4324
3.70225	46.0886
3.70448	46.6351
3.70671	47.4835
3.70895	48.2087
3.71118	49.3138
3.71341	50.2162
3.71564	50.9850
3.71787	51.1261
3.72010	50.8153
3.72233	50.2477
3.72456	49.7147
3.72679	49.1201
3.72902	48.9444
3.73125	48.9985
3.73348	49.4970
3.73571	50.2523
3.73794	51.6907
3.74017	52.8649
3.74240	54.6486
3.74463	55.9925
3.74686	57.4835
3.74909	58.1742
3.75132	58.5315
3.75355	58.3889
3.75578	57.8363
3.75801	57.2492
3.76024	56.3033
3.76247	55.6036
3.76470	55.5315
3.76693	55.9610
3.76916	56.5060
3.77139	56.9805
3.77362	57.5135
3.77585	58.1502
3.77808	58.6381
3.78031	58.7883
3.78254	58.8453
3.78477	58.7207
3.78700	58.7012
3.78924	58.7553
3.79147	58.6502
3.79370	58.3303
3.79593	57.8559
3.79816	57.1381
3.80039	56.7898
3.80262	56.6261
3.80485	56.8198
3.80708	57.2147
3.80931	57.5736
3.81154	57.6502
3.81377	57.9820
3.81600	57.9700
3.81823	57.7853
3.82046	57.3228
3.82269	56.9384
3.82492	56.5225
3.82715	56.1892
3.82938	56.0150
3.83161	56.0240
3.83384	56.0015
3.83607	56.4189
3.83830	56.6682
3.84053	57.1411
3.84276	57.6682
3.84499	58.6246
3.84722	59.4069
3.84945	60.4685
3.85168	61.2417
3.85391	62.3438
3.85614	62.9129
3.85837	63.6171
3.86060	64.0751
3.86283	64.5015
3.86506	64.5000
3.86729	64.5315
3.86952	64.2643
3.87176	64.5961
3.87399	65.3033
3.87622	66.6501
3.87845	67.9039
3.88068	68.8333
3.88291	69.3799
3.88514	69.7057
3.88737	69.6141
3.88960	69.5195
3.89183	69.2357
3.89406	69.0105
3.89629	68.4069
3.89852	67.6757
3.90075	67.0180
3.90298	66.3829
3.90521	65.6922
3.90744	64.8529
3.90967	64.1727
3.91190	64.2523
3.91413	64.4715
3.91636	65.3093
3.91859	66.2072
3.92082	67.4159
3.92305	68.5120
3.92528	69.9895
3.92751	71.1532
3.92974	72.7192
3.93197	73.8724
3.93420	74.9730
3.93643	75.8348
3.93866	76.6967
3.94089	77.2057
3.94312	77.0796
3.94535	76.4384
3.94758	75.8709
3.94981	75.3859
3.95205	75.6787
3.95428	76.2853
3.95651	77.1456
3.95874	77.2778
3.96097	77.0105
3.96320	76.4384
3.96543	75.9354
3.96766	75.0901
3.96989	74.4309
3.97212	73.3679
3.97435	72.5135
3.97658	71.6577
3.97881	71.2583
3.98104	71.3408
3.98327	72.4099
3.98550	73.9249
3.98773	76.1832
3.98996	77.6426
3.99219	78.8739
3.99442	79.5946
3.99665	80.4474
3.99888	81.3348
4.00111	82.4700
4.00334	83.3574
4.00557	84.3484
4.00780	85.0315
4.01003	85.6366
4.01226	85.6021
4.01449	84.9925
4.01672	83.9324
4.01895	82.6877
4.02118	81.3003
4.02341	79.5691
4.02564	78.0946
4.02787	77.1952
4.03010	77.1516
4.03233	77.6712
4.03457	78.3183
4.03680	78.8393
4.03903	79.2087
4.04126	79.2057
4.04349	78.9865
4.04572	78.4309
4.04795	77.5315
4.05018	76.6186
4.05241	75.8979
4.05464	75.5510
4.05687	75.2988
4.05910	75.5255
4.06133	76.0571
4.06356	76.9429
4.06579	77.6366
4.06802	78.1562
4.07025	77.9565
4.07248	77.5661
4.07471	77.5691
4.07694	78.1456
4.07917	78.8994
4.08140	79.6426
4.08363	79.5601
4.08586	79.2493
4.08809	78.6396
4.09032	77.9775
4.09255	77.6907
4.09478	77.3784
4.09701	77.0045
4.09924	76.4099
4.10147	75.7057
4.10370	74.6652
4.10593	73.8318
4.10816	73.1366
4.11039	72.5826
4.11262	71.8739
4.11486	71.4054
4.11709	70.6216
4.11932	69.8784
4.12155	69.1742
4.12378	68.3243
4.12601	67.3108
4.12824	66.4685
4.13047	65.4790
4.13270	64.4369
4.13493	63.3769
4.13716	62.4489
4.13939	61.6441
4.14162	60.8634
4.14385	60.2823
4.14608	60.0075
4.14831	60.1216
4.15054	60.0991
4.15277	59.8994
4.15500	59.0165
4.15723	57.8033
4.15946	56.4279
4.16169	55.2387
4.16392	54.1652
4.16615	53.0916
4.16838	52.2312
4.17061	51.5556
4.17284	50.9970
4.17507	50.4775
4.17730	49.7027
4.17953	48.7673
4.18176	47.8649
4.18399	46.6577
4.18622	45.4084
4.18845	43.8694
4.19068	42.4369
4.19291	41.1772
4.19515	40.3769
4.19738	39.6862
4.19961	39.2477
4.20184	38.9745
4.20407	38.7462
4.20630	38.6502
4.20853	38.7027
4.21076	38.9745
4.21299	39.2823
4.21522	39.4069
4.21745	39.5090
4.21968	39.4414
4.22191	39.3468
4.22414	39.5300
4.22637	39.7523
4.22860	40.1366
4.23083	40.2207
4.23306	39.9234
4.23529	39.4685
4.23752	38.8904
4.23975	38.4580
4.24198	38.4324
4.24421	38.4850
4.24644	38.7477
4.24867	39.1562
4.25090	39.8468
4.25313	40.3889
4.25536	41.0886
4.25759	41.5150
4.25982	42.1426
4.26205	42.4279
4.26428	43.0315
4.26651	43.4955
4.26874	44.1066
4.27097	44.5796
4.27320	45.0811
4.27543	45.4850
4.27767	45.9925
4.27990	46.2658
4.28213	46.5736
4.28436	46.6141
4.28659	46.5270
4.28882	46.2297
4.29105	45.9429
4.29328	45.6682
4.29551	45.7372
4.29774	45.9715
4.29997	46.3829
4.30220	46.7252
4.30443	47.1517
4.30666	47.5826
4.30889	48.4745
4.31112	49.4174
4.31335	50.8829
4.31558	52.1171
4.31781	53.4159
4.32004	54.1982
4.32227	54.8799
4.32450	55.2898
4.32673	55.4850
4.32896	55.1802
4.33119	54.8093
4.33342	54.3453
4.33565	53.8033
4.33788	53.3679
4.34011	53.0661
4.34234	53.0105
4.34457	53.0631
4.34680	53.0841
4.34903	52.9384
4.35126	52.7147
4.35349	52.4399
4.35572	52.2553
4.35795	52.0691
4.36019	51.9805
4.36242	52.0210
4.36465	52.1832
4.36688	52.5240
4.36911	52.8769
4.37134	53.0345
4.37357	52.7538
4.37580	52.3438
4.37803	51.8198
4.38026	51.4144
4.38249	51.2072
4.38472	50.9234
4.38695	50.4459
4.38918	49.6952
4.39141	48.8123
4.39364	47.9219
4.39587	47.3153
4.39810	46.8619
4.40033	46.6126
4.40256	46.9219
4.40479	47.6141
4.40702	48.8814
4.40925	50.0946
4.41148	51.4940
4.41371	52.5976
4.41594	53.6471
4.41817	54.2042
4.42040	54.3168
4.42263	53.9850
4.42486	53.5255
4.42709	52.9745
4.42932	52.5571
4.43155	52.0826
4.43378	52.2057
4.43601	52.7132
4.43824	53.8574
4.44047	54.8198
4.44271	56.2222
4.44494	57.4565
4.44717	58.6081
4.44940	59.3468
4.45163	59.8303
4.45386	59.7387
4.45609	59.6532
4.45832	59.3453
4.46055	58.9114
4.46278	58.5766
4.46501	58.5571
4.46724	58.7102
4.46947	59.0991
4.47170	59.4234
4.47393	59.9955
4.47616	60.3829
4.47839	60.9685
4.48062	61.4159
4.48285	62.0060
4.48508	62.2508
4.48731	62.7973
4.48954	63.4640
4.49177	64.4790
4.49400	65.2643
4.49623	65.5676
4.49846	65.2733
4.50069	65.0510
4.50292	64.3198
4.50515	63.5961
4.50738	62.9505
4.50961	62.5435
4.51184	62.4955
4.51407	63.1697
4.51630	64.1066
4.51853	65.5075
4.52076	66.7613
4.52299	68.1817
4.52523	68.9805
4.52746	69.6577
4.52969	69.3844
4.53192	68.8829
4.53415	68.1622
4.53638	67.6487
4.53861	67.0180
4.54084	66.9069
4.54307	67.1096
4.54530	68.0721
4.54753	69.1261
4.54976	70.7177
4.55199	71.8529
4.55422	72.9384
4.55645	73.6066
4.55868	74.0586
4.56091	74.0496
4.56314	73.9204
4.56537	73.9219
4.56760	74.3664
4.56983	75.1637
4.57206	76.3093
4.57429	76.8243
4.57652	77.5480
4.57875	77.8919
4.58098	78.3228
4.58321	78.5976
4.58544	79.3273
4.58767	79.9009
4.58990	80.3574
4.59213	80.5030
4.59436	80.4504
4.59659	80.3484
4.59882	80.3754
4.60105	80.1096
4.60328	79.9610
4.60552	79.6036
4.60775	78.9490
4.60998	78.2462
4.61221	77.6967
4.61444	77.3273
4.61667	77.2192
4.61890	77.0510
4.62113	76.8258
4.62336	76.0646
4.62559	75.2838
4.62782	74.6847
4.63005	74.5706
4.63228	74.9159
4.63451	75.2973
4.63674	75.3453
4.63897	75.2147
4.64120	74.7613
4.64343	74.1547
4.64566	73.7027
4.64789	73.5586
4.65012	73.5120
4.65235	73.6982
4.65458	74.3994
4.65681	75.2748
4.65904	76.0496
4.66127	76.8018
4.66350	77.1667
4.66573	77.2523
4.66796	77.1922
4.67019	77.0541
4.67242	76.5541
4.67465	76.2447
4.67688	76.0631
4.67911	76.1126
4.68134	76.2853
4.68357	76.4670
4.68581	76.8063
4.68804	77.0105
4.69027	76.8979
4.69250	76.2628
4.69473	75.1186
4.69696	73.6156
4.69919	72.6021
4.70142	71.6036
4.70365	70.7673
4.70588	69.9129
4.70811	68.8874
4.71034	67.7192
4.71257	66.8709
4.71480	66.1682
4.71703	66.2042
4.71926	66.5345
4.72149	66.7387
4.72372	66.8378
4.72595	66.3243
4.72818	66.0180
4.73041	65.6306
4.73264	65.6396
4.73487	65.7327
4.73710	65.4550
4.73933	64.8168
4.74156	63.6156
4.74379	62.2688
4.74602	60.7192
4.74825	59.4610
4.75048	58.0976
4.75271	56.8994
4.75494	55.9144
4.75717	54.9294
4.75940	54.0150
4.76163	53.3874
4.76386	52.7207
4.76610	52.1727
4.76833	51.4144
4.77056	50.6517
4.77279	49.5315
4.77502	48.3078
4.77725	47.2853
4.77948	46.1937
4.78171	45.0526
4.78394	43.9880
4.78617	42.7718
4.78840	41.3559
4.79063	40.2568
4.79286	39.5586
4.79509	39.0420
4.79732	38.7913
4.79955	38.5856
4.80178	38.4865
4.80401	38.1877
4.80624	37.8964
4.80847	37.6742
4.81070	37.5420
4.81293	37.3378
4.81516	36.8679
4.81739	36.3889
4.81962	35.6997
4.82185	34.7868
4.82408	33.8679
4.82631	32.9700
4.82854	31.9595
4.83077	30.8709
4.83300	29.6411
4.83523	28.0315
4.83746	26.6682
4.83969	25.6186
4.84192	24.6952
4.84415	23.8994
4.84639	23.3874
4.84862	22.8108
4.85085	22.4354
4.85308	22.1622
4.85531	22.1456
4.85754	22.1892
4.85977	22.2718
4.86200	22.3739
4.86423	22.5000
4.86646	22.5571
4.86869	22.4640
4.87092	22.3559
4.87315	22.3168
4.87538	22.2237
4.87761	22.0526
4.87984	22.0631
4.88207	22.1532
4.88430	22.3093
4.88653	22.5375
4.88876	22.8544
4.89099	23.0856
4.89322	23.3694
4.89545	23.4880
4.89768	23.5135
4.89991	23.4414
4.90214	23.6982
4.90437	23.9459
4.90660	24.6021
4.90883	25.2102
4.91106	25.7838
4.91329	26.3033
4.91552	27.2598
4.91775	28.0826
4.91998	29.2162
4.92221	30.2538
4.92444	31.2838
4.92667	31.9129
4.92891	32.5751
4.93114	32.9084
4.93337	33.0135
4.93560	32.9054
4.93783	32.7147
4.94006	32.5631
4.94229	32.8363
4.94452	33.0721
4.94675	33.5871
4.94898	34.0420
4.95121	34.6051
4.95344	35.0495
4.95567	35.5480
4.95790	35.9009
4.96013	36.4099
4.96236	36.7568
4.96459	37.0856
4.96682	37.1111
4.96905	37.1757
4.97128	37.1141
4.97351	36.9820
4.97574	36.7913
4.97797	37.0676
4.98020	37.5721
4.98243	38.8423
4.98466	40.2988
4.98689	41.8979
4.98912	43.0556
4.99135	43.9820
4.99358	44.5225
4.99581	45.0886
4.99804	45.2598
5.00027	45.6982
5.00250	45.9880
5.00473	46.4595
5.00696	47.1171
5.00919	47.8799
5.01143	48.3318
5.01366	48.7523
5.01589	48.8634
5.01812	48.9610
5.02035	48.8634
5.02258	48.6697
5.02481	48.3003
5.02704	48.3063
5.02927	48.5736
5.03150	49.2568
5.03373	49.9054
5.03596	50.8138
5.03819	51.7477
5.04042	52.9474
5.04265	53.6562
5.04488	54.4565
5.04711	54.7958
5.04934	55.2462
5.05157	55.5721
5.05380	56.0706
5.05603	56.5000
5.05826	56.9970
5.06049	57.1712
5.06272	57.6817
5.06495	57.8228
5.06718	57.6141
5.06941	57.2643
5.07164	56.9474
5.07387	56.6997
5.07610	56.9204
5.07833	57.1832
5.08056	57.4129
5.08279	57.3228
5.08502	57.2778
5.08725	57.2508
5.08948	57.5195
5.09171	58.0405
5.09395	58.8604
5.09618	59.4670
5.09841	60.0465
5.10064	60.2643
5.10287	60.4565
5.10510	60.4895
5.10733	60.6727
5.10956	60.7688
5.11179	60.6456
5.11402	60.3108
5.11625	59.9535
5.11848	59.5796
5.12071	59.3498
5.12294	59.1862
5.12517	59.3108
5.12740	59.5000
5.12963	59.6847
5.13186	59.7628
5.13409	59.9459
5.13632	59.9129
5.13855	59.8724
5.14078	59.4610
5.14301	58.9730
5.14524	58.5060
5.14747	57.8739
5.14970	57.2613
5.15193	57.0120
5.15416	57.0526
5.15639	57.4324
5.15862	57.8348
5.16085	58.2102
5.16308	58.5856
5.16531	59.0450
5.16754	59.3529
5.16977	59.8378
5.17200	60.1441
5.17423	60.4474
5.17647	60.4550
5.17870	60.4970
5.18093	60.5165
5.18316	60.6096
5.18539	60.5766
5.18762	60.8258
5.18985	60.9760
5.19208	61.1892
5.19431	61.3138
5.19654	61.5180
5.19877	61.6291
5.20100	61.6907
5.20323	61.8138
5.20546	61.7643
5.20769	61.5796
5.20992	61.3468
5.21215	61.1141
5.21438	60.9685
5.21661	61.0736
5.21884	61.1592
5.22107	61.2237
5.22330	60.8964
5.22553	60.4835
5.22776	60.1096
5.22999	59.9324
5.23222	60.1246
5.23445	60.3574
5.23668	60.6351
5.23891	60.9459
5.24114	61.3468
5.24337	61.5270
5.24560	61.5480
5.24783	61.2988
5.25006	60.8318
5.25229	60.3108
5.25453	59.7252
5.25676	59.2357
5.25899	58.7583
5.26122	58.6742
5.26345	58.6456
5.26568	58.8423
5.26791	59.3123
5.27014	59.8063
5.27237	60.2718
5.27460	60.4775
5.27683	60.3739
5.27906	59.9429
5.28129	59.1336
5.28352	58.4595
5.28575	57.7703
5.28798	57.2057
5.29021	56.6562
5.29244	56.2147
5.29467	55.6051
5.29690	55.2673
5.29913	54.8769
5.30136	54.6637
5.30359	54.5000
5.30582	54.4294
5.30805	54.5976
5.31028	54.9324
5.31251	55.5931
5.31474	56.0075
5.31697	56.5826
5.31920	57.1517
5.32143	57.4655
5.32366	57.7222
5.32589	57.5841
5.32812	57.1787
5.33035	56.6156
5.33258	55.8724
5.33482	55.0571
5.33705	54.3153
5.33928	53.5721
5.34151	53.3288
5.34374	53.1577
5.34597	52.9670
5.34820	52.7432
5.35043	52.1351
5.35266	51.2868
5.35489	50.9850
5.35712	50.5796
5.35935	50.2643
5.36158	50.0541
5.36381	49.7342
5.36604	49.8153
5.36827	49.7132
5.37050	49.7462
5.37273	50.0646
5.37496	50.4580
5.37719	50.8348
5.37942	51.1456
5.38165	51.2703
5.38388	50.9745
5.38611	50.4535
5.38834	49.6471
5.39057	48.6081
5.39280	47.6562
5.39503	46.8498
5.39726	46.1021
5.39949	45.4550
5.40172	45.0375
5.40395	44.6036
5.40618	44.1111
5.40841	43.5526
5.41064	42.7688
5.41287	41.7027
5.41510	40.5541
5.41734	39.7387
5.41957	39.1952
5.42180	38.7883
5.42403	38.4084
5.42626	38.0526
5.42849	37.5886
5.43072	37.0796
5.43295	36.6231
5.43518	36.4414
5.43741	36.3769
5.43964	36.3048
5.44187	36.1261
5.44410	35.9640
5.44633	35.7583
5.44856	35.4775
5.45079	34.9655
5.45302	34.7372
5.45525	34.5045
5.45748	34.5961
5.45971	34.7958
5.46194	35.1021
5.46417	35.2192
5.46640	35.3198
5.46863	35.1802
5.47086	35.2207
5.47309	35.1622
5.47532	35.1111
5.47755	34.9625
5.47978	34.7538
5.48201	34.3589
5.48424	34.0030
5.48647	33.3889
5.48870	32.6336
5.49093	31.7432
5.49316	31.0390
5.49539	30.3799
5.49762	30.2793
5.49986	30.2387
5.50209	29.9985
5.50432	29.3138
5.50655	28.7643
5.50878	28.0450
5.51101	27.5030
5.51324	26.8919
5.51547	26.5916
5.51770	26.3168
5.51993	26.3288
5.52216	26.3514
5.52439	26.3498
5.52662	26.0886
5.52885	25.6396
5.53108	25.0360
5.53331	24.6141
5.53554	24.4054
5.53777	24.2658

